{
 "cells": [
  {
   "cell_type": "markdown",
   "metadata": {},
   "source": [
    "# Actividad 1"
   ]
  },
  {
   "cell_type": "markdown",
   "metadata": {},
   "source": [
    "## Indicaciones\n",
    "\n",
    "Suponga que está encargado de realizar un análisis de componentes principales de los datos proporcionados.\n",
    "\n",
    "A partir de los datos presentados responda los siguientes cuestionamientos: \n",
    "\n",
    "- Mencione cuál es el objeto o individuo que se está analizando en el presente caso.\n",
    "\n",
    "  <span style=\"color:blue\">La agrupación por estado del porcentaje de la disponibilidad (y uso) de las tecnologías en los hogares.</span>"
   ]
  },
  {
   "cell_type": "markdown",
   "metadata": {},
   "source": [
    "- Identifica las variables del estudio y, para cada una de ellas, mencionar el tipo de variables al que pertenece (cuantitativa o cualitativa) y la escala de medición empleada (categórica, ordinal, de razón, de intervalo).\n",
    "\n",
    "  <span style=\"color:blue\">Las variables son cuantitativas, con escala de razón.</span>"
   ]
  },
  {
   "cell_type": "markdown",
   "metadata": {},
   "source": [
    "- ¿Los datos utilizados para el presente estudio son adecuados para realizar un ACP?\n",
    "\n",
    "   <span style=\"color:blue\">Sí, porque de la matriz de correlaciones (_abajo_) se obtiene que hay algunas correlaciones altas</span>"
   ]
  },
  {
   "cell_type": "code",
   "execution_count": 1,
   "metadata": {},
   "outputs": [
    {
     "data": {
      "text/html": [
       "<table>\n",
       "<thead><tr><th></th><th scope=col>Internet</th><th scope=col>Television</th><th scope=col>TV de paga</th><th scope=col>Telefonia</th><th scope=col>Radio</th><th scope=col>Automovil</th><th scope=col>Lavadora</th><th scope=col>Estufa de gas o electrica</th><th scope=col>Refrigerador</th><th scope=col>Horno de microondas</th><th scope=col>Aire acondicionado</th></tr></thead>\n",
       "<tbody>\n",
       "\t<tr><th scope=row>Internet</th><td>1.0000000 </td><td>0.4348576 </td><td> 0.6177193</td><td>0.7411369 </td><td> 0.1162590</td><td>0.7541892 </td><td>0.6870090 </td><td>0.5458694 </td><td>0.7249157 </td><td>0.6583618 </td><td> 0.5220521</td></tr>\n",
       "\t<tr><th scope=row>Television</th><td>0.4348576 </td><td>1.0000000 </td><td> 0.5261206</td><td>0.8255445 </td><td> 0.5420185</td><td>0.5516622 </td><td>0.7276351 </td><td>0.7612427 </td><td>0.6599729 </td><td>0.6603211 </td><td> 0.2183669</td></tr>\n",
       "\t<tr><th scope=row>TV de paga</th><td>0.6177193 </td><td>0.5261206 </td><td> 1.0000000</td><td>0.6158451 </td><td>-0.1201431</td><td>0.4922361 </td><td>0.5400585 </td><td>0.3822995 </td><td>0.5186236 </td><td>0.3650210 </td><td> 0.5538163</td></tr>\n",
       "\t<tr><th scope=row>Telefonia</th><td>0.7411369 </td><td>0.8255445 </td><td> 0.6158451</td><td>1.0000000 </td><td> 0.4003166</td><td>0.7367703 </td><td>0.7621542 </td><td>0.8501717 </td><td>0.8059083 </td><td>0.7919328 </td><td> 0.4209484</td></tr>\n",
       "\t<tr><th scope=row>Radio</th><td>0.1162590 </td><td>0.5420185 </td><td>-0.1201431</td><td>0.4003166 </td><td> 1.0000000</td><td>0.3897106 </td><td>0.3404902 </td><td>0.5101572 </td><td>0.2620115 </td><td>0.4896881 </td><td>-0.3412197</td></tr>\n",
       "\t<tr><th scope=row>Automovil</th><td>0.7541892 </td><td>0.5516622 </td><td> 0.4922361</td><td>0.7367703 </td><td> 0.3897106</td><td>1.0000000 </td><td>0.6929933 </td><td>0.6221572 </td><td>0.6919786 </td><td>0.8351207 </td><td> 0.5030789</td></tr>\n",
       "\t<tr><th scope=row>Lavadora</th><td>0.6870090 </td><td>0.7276351 </td><td> 0.5400585</td><td>0.7621542 </td><td> 0.3404902</td><td>0.6929933 </td><td>1.0000000 </td><td>0.7477837 </td><td>0.8770361 </td><td>0.8587883 </td><td> 0.3733423</td></tr>\n",
       "\t<tr><th scope=row>Estufa de gas o electrica</th><td>0.5458694 </td><td>0.7612427 </td><td> 0.3822995</td><td>0.8501717 </td><td> 0.5101572</td><td>0.6221572 </td><td>0.7477837 </td><td>1.0000000 </td><td>0.8095874 </td><td>0.8044404 </td><td> 0.2418910</td></tr>\n",
       "\t<tr><th scope=row>Refrigerador</th><td>0.7249157 </td><td>0.6599729 </td><td> 0.5186236</td><td>0.8059083 </td><td> 0.2620115</td><td>0.6919786 </td><td>0.8770361 </td><td>0.8095874 </td><td>1.0000000 </td><td>0.8654461 </td><td> 0.4496627</td></tr>\n",
       "\t<tr><th scope=row>Horno de microondas</th><td>0.6583618 </td><td>0.6603211 </td><td> 0.3650210</td><td>0.7919328 </td><td> 0.4896881</td><td>0.8351207 </td><td>0.8587883 </td><td>0.8044404 </td><td>0.8654461 </td><td>1.0000000 </td><td> 0.3720221</td></tr>\n",
       "\t<tr><th scope=row>Aire acondicionado</th><td>0.5220521 </td><td>0.2183669 </td><td> 0.5538163</td><td>0.4209484 </td><td>-0.3412197</td><td>0.5030789 </td><td>0.3733423 </td><td>0.2418910 </td><td>0.4496627 </td><td>0.3720221 </td><td> 1.0000000</td></tr>\n",
       "</tbody>\n",
       "</table>\n"
      ],
      "text/latex": [
       "\\begin{tabular}{r|lllllllllll}\n",
       "  & Internet & Television & TV de paga & Telefonia & Radio & Automovil & Lavadora & Estufa de gas o electrica & Refrigerador & Horno de microondas & Aire acondicionado\\\\\n",
       "\\hline\n",
       "\tInternet & 1.0000000  & 0.4348576  &  0.6177193 & 0.7411369  &  0.1162590 & 0.7541892  & 0.6870090  & 0.5458694  & 0.7249157  & 0.6583618  &  0.5220521\\\\\n",
       "\tTelevision & 0.4348576  & 1.0000000  &  0.5261206 & 0.8255445  &  0.5420185 & 0.5516622  & 0.7276351  & 0.7612427  & 0.6599729  & 0.6603211  &  0.2183669\\\\\n",
       "\tTV de paga & 0.6177193  & 0.5261206  &  1.0000000 & 0.6158451  & -0.1201431 & 0.4922361  & 0.5400585  & 0.3822995  & 0.5186236  & 0.3650210  &  0.5538163\\\\\n",
       "\tTelefonia & 0.7411369  & 0.8255445  &  0.6158451 & 1.0000000  &  0.4003166 & 0.7367703  & 0.7621542  & 0.8501717  & 0.8059083  & 0.7919328  &  0.4209484\\\\\n",
       "\tRadio & 0.1162590  & 0.5420185  & -0.1201431 & 0.4003166  &  1.0000000 & 0.3897106  & 0.3404902  & 0.5101572  & 0.2620115  & 0.4896881  & -0.3412197\\\\\n",
       "\tAutomovil & 0.7541892  & 0.5516622  &  0.4922361 & 0.7367703  &  0.3897106 & 1.0000000  & 0.6929933  & 0.6221572  & 0.6919786  & 0.8351207  &  0.5030789\\\\\n",
       "\tLavadora & 0.6870090  & 0.7276351  &  0.5400585 & 0.7621542  &  0.3404902 & 0.6929933  & 1.0000000  & 0.7477837  & 0.8770361  & 0.8587883  &  0.3733423\\\\\n",
       "\tEstufa de gas o electrica & 0.5458694  & 0.7612427  &  0.3822995 & 0.8501717  &  0.5101572 & 0.6221572  & 0.7477837  & 1.0000000  & 0.8095874  & 0.8044404  &  0.2418910\\\\\n",
       "\tRefrigerador & 0.7249157  & 0.6599729  &  0.5186236 & 0.8059083  &  0.2620115 & 0.6919786  & 0.8770361  & 0.8095874  & 1.0000000  & 0.8654461  &  0.4496627\\\\\n",
       "\tHorno de microondas & 0.6583618  & 0.6603211  &  0.3650210 & 0.7919328  &  0.4896881 & 0.8351207  & 0.8587883  & 0.8044404  & 0.8654461  & 1.0000000  &  0.3720221\\\\\n",
       "\tAire acondicionado & 0.5220521  & 0.2183669  &  0.5538163 & 0.4209484  & -0.3412197 & 0.5030789  & 0.3733423  & 0.2418910  & 0.4496627  & 0.3720221  &  1.0000000\\\\\n",
       "\\end{tabular}\n"
      ],
      "text/markdown": [
       "\n",
       "| <!--/--> | Internet | Television | TV de paga | Telefonia | Radio | Automovil | Lavadora | Estufa de gas o electrica | Refrigerador | Horno de microondas | Aire acondicionado | \n",
       "|---|---|---|---|---|---|---|---|---|---|---|\n",
       "| Internet | 1.0000000  | 0.4348576  |  0.6177193 | 0.7411369  |  0.1162590 | 0.7541892  | 0.6870090  | 0.5458694  | 0.7249157  | 0.6583618  |  0.5220521 | \n",
       "| Television | 0.4348576  | 1.0000000  |  0.5261206 | 0.8255445  |  0.5420185 | 0.5516622  | 0.7276351  | 0.7612427  | 0.6599729  | 0.6603211  |  0.2183669 | \n",
       "| TV de paga | 0.6177193  | 0.5261206  |  1.0000000 | 0.6158451  | -0.1201431 | 0.4922361  | 0.5400585  | 0.3822995  | 0.5186236  | 0.3650210  |  0.5538163 | \n",
       "| Telefonia | 0.7411369  | 0.8255445  |  0.6158451 | 1.0000000  |  0.4003166 | 0.7367703  | 0.7621542  | 0.8501717  | 0.8059083  | 0.7919328  |  0.4209484 | \n",
       "| Radio | 0.1162590  | 0.5420185  | -0.1201431 | 0.4003166  |  1.0000000 | 0.3897106  | 0.3404902  | 0.5101572  | 0.2620115  | 0.4896881  | -0.3412197 | \n",
       "| Automovil | 0.7541892  | 0.5516622  |  0.4922361 | 0.7367703  |  0.3897106 | 1.0000000  | 0.6929933  | 0.6221572  | 0.6919786  | 0.8351207  |  0.5030789 | \n",
       "| Lavadora | 0.6870090  | 0.7276351  |  0.5400585 | 0.7621542  |  0.3404902 | 0.6929933  | 1.0000000  | 0.7477837  | 0.8770361  | 0.8587883  |  0.3733423 | \n",
       "| Estufa de gas o electrica | 0.5458694  | 0.7612427  |  0.3822995 | 0.8501717  |  0.5101572 | 0.6221572  | 0.7477837  | 1.0000000  | 0.8095874  | 0.8044404  |  0.2418910 | \n",
       "| Refrigerador | 0.7249157  | 0.6599729  |  0.5186236 | 0.8059083  |  0.2620115 | 0.6919786  | 0.8770361  | 0.8095874  | 1.0000000  | 0.8654461  |  0.4496627 | \n",
       "| Horno de microondas | 0.6583618  | 0.6603211  |  0.3650210 | 0.7919328  |  0.4896881 | 0.8351207  | 0.8587883  | 0.8044404  | 0.8654461  | 1.0000000  |  0.3720221 | \n",
       "| Aire acondicionado | 0.5220521  | 0.2183669  |  0.5538163 | 0.4209484  | -0.3412197 | 0.5030789  | 0.3733423  | 0.2418910  | 0.4496627  | 0.3720221  |  1.0000000 | \n",
       "\n",
       "\n"
      ],
      "text/plain": [
       "                          Internet  Television TV de paga Telefonia Radio     \n",
       "Internet                  1.0000000 0.4348576   0.6177193 0.7411369  0.1162590\n",
       "Television                0.4348576 1.0000000   0.5261206 0.8255445  0.5420185\n",
       "TV de paga                0.6177193 0.5261206   1.0000000 0.6158451 -0.1201431\n",
       "Telefonia                 0.7411369 0.8255445   0.6158451 1.0000000  0.4003166\n",
       "Radio                     0.1162590 0.5420185  -0.1201431 0.4003166  1.0000000\n",
       "Automovil                 0.7541892 0.5516622   0.4922361 0.7367703  0.3897106\n",
       "Lavadora                  0.6870090 0.7276351   0.5400585 0.7621542  0.3404902\n",
       "Estufa de gas o electrica 0.5458694 0.7612427   0.3822995 0.8501717  0.5101572\n",
       "Refrigerador              0.7249157 0.6599729   0.5186236 0.8059083  0.2620115\n",
       "Horno de microondas       0.6583618 0.6603211   0.3650210 0.7919328  0.4896881\n",
       "Aire acondicionado        0.5220521 0.2183669   0.5538163 0.4209484 -0.3412197\n",
       "                          Automovil Lavadora  Estufa de gas o electrica\n",
       "Internet                  0.7541892 0.6870090 0.5458694                \n",
       "Television                0.5516622 0.7276351 0.7612427                \n",
       "TV de paga                0.4922361 0.5400585 0.3822995                \n",
       "Telefonia                 0.7367703 0.7621542 0.8501717                \n",
       "Radio                     0.3897106 0.3404902 0.5101572                \n",
       "Automovil                 1.0000000 0.6929933 0.6221572                \n",
       "Lavadora                  0.6929933 1.0000000 0.7477837                \n",
       "Estufa de gas o electrica 0.6221572 0.7477837 1.0000000                \n",
       "Refrigerador              0.6919786 0.8770361 0.8095874                \n",
       "Horno de microondas       0.8351207 0.8587883 0.8044404                \n",
       "Aire acondicionado        0.5030789 0.3733423 0.2418910                \n",
       "                          Refrigerador Horno de microondas Aire acondicionado\n",
       "Internet                  0.7249157    0.6583618            0.5220521        \n",
       "Television                0.6599729    0.6603211            0.2183669        \n",
       "TV de paga                0.5186236    0.3650210            0.5538163        \n",
       "Telefonia                 0.8059083    0.7919328            0.4209484        \n",
       "Radio                     0.2620115    0.4896881           -0.3412197        \n",
       "Automovil                 0.6919786    0.8351207            0.5030789        \n",
       "Lavadora                  0.8770361    0.8587883            0.3733423        \n",
       "Estufa de gas o electrica 0.8095874    0.8044404            0.2418910        \n",
       "Refrigerador              1.0000000    0.8654461            0.4496627        \n",
       "Horno de microondas       0.8654461    1.0000000            0.3720221        \n",
       "Aire acondicionado        0.4496627    0.3720221            1.0000000        "
      ]
     },
     "metadata": {},
     "output_type": "display_data"
    }
   ],
   "source": [
    "library(readxl)\n",
    "\n",
    "mis_datos <- read_excel(\"datasets/Hogares_equipo.xlsx\", sheet=\"Hogares_equipo\")\n",
    "mis_datos <- as.data.frame(mis_datos)\n",
    "row.names(mis_datos)<-mis_datos[,1]\n",
    "mis_datos[,1]<-NULL\n",
    "# head(mis_datos, n=5)\n",
    "matriz_corr <- cor(mis_datos)\n",
    "matriz_corr"
   ]
  },
  {
   "cell_type": "code",
   "execution_count": 2,
   "metadata": {},
   "outputs": [
    {
     "data": {
      "text/html": [
       "0.807966340201172"
      ],
      "text/latex": [
       "0.807966340201172"
      ],
      "text/markdown": [
       "0.807966340201172"
      ],
      "text/plain": [
       "[1] 0.8079663"
      ]
     },
     "metadata": {},
     "output_type": "display_data"
    }
   ],
   "source": [
    "suppressMessages(library(\"psych\"))\n",
    "indice_kmo<- KMO(mis_datos)$MSA\n",
    "indice_kmo"
   ]
  },
  {
   "cell_type": "markdown",
   "metadata": {},
   "source": [
    "<span style=\"color:blue\">Con el criterio del KMO, se obtiene que el valor es .81, lo cual está en el\n",
    "rango de bueno y se pueden obtener los CPs</span>"
   ]
  },
  {
   "cell_type": "markdown",
   "metadata": {},
   "source": [
    "- Utilizando la matriz de correlación, determinar el número de componentes a ser considerados utilizando los siguientes métodos y justificar las respuestas:"
   ]
  },
  {
   "cell_type": "markdown",
   "metadata": {},
   "source": [
    "  a) Del porcentaje de Variación Total Acumulada (al menos el 75%)"
   ]
  },
  {
   "cell_type": "code",
   "execution_count": 3,
   "metadata": {},
   "outputs": [
    {
     "data": {
      "text/html": [
       "<table>\n",
       "<thead><tr><th></th><th scope=col>PC1</th><th scope=col>PC2</th><th scope=col>PC3</th><th scope=col>PC4</th><th scope=col>PC5</th><th scope=col>PC6</th><th scope=col>PC7</th><th scope=col>PC8</th><th scope=col>PC9</th><th scope=col>PC10</th><th scope=col>PC11</th></tr></thead>\n",
       "<tbody>\n",
       "\t<tr><th scope=row>Standard deviation</th><td>2.628627 </td><td>1.32937  </td><td>0.8300862</td><td>0.6979367</td><td>0.6367097</td><td>0.5299618</td><td>0.4049087</td><td>0.3389369</td><td>0.2916063</td><td>0.252616 </td><td>0.1816593</td></tr>\n",
       "\t<tr><th scope=row>Proportion of Variance</th><td>0.628150 </td><td>0.16066  </td><td>0.0626400</td><td>0.0442800</td><td>0.0368500</td><td>0.0255300</td><td>0.0149000</td><td>0.0104400</td><td>0.0077300</td><td>0.005800 </td><td>0.0030000</td></tr>\n",
       "\t<tr><th scope=row>Cumulative Proportion</th><td>0.628150 </td><td>0.78881  </td><td>0.8514500</td><td>0.8957300</td><td>0.9325900</td><td>0.9581200</td><td>0.9730200</td><td>0.9834700</td><td>0.9912000</td><td>0.997000 </td><td>1.0000000</td></tr>\n",
       "</tbody>\n",
       "</table>\n"
      ],
      "text/latex": [
       "\\begin{tabular}{r|lllllllllll}\n",
       "  & PC1 & PC2 & PC3 & PC4 & PC5 & PC6 & PC7 & PC8 & PC9 & PC10 & PC11\\\\\n",
       "\\hline\n",
       "\tStandard deviation & 2.628627  & 1.32937   & 0.8300862 & 0.6979367 & 0.6367097 & 0.5299618 & 0.4049087 & 0.3389369 & 0.2916063 & 0.252616  & 0.1816593\\\\\n",
       "\tProportion of Variance & 0.628150  & 0.16066   & 0.0626400 & 0.0442800 & 0.0368500 & 0.0255300 & 0.0149000 & 0.0104400 & 0.0077300 & 0.005800  & 0.0030000\\\\\n",
       "\tCumulative Proportion & 0.628150  & 0.78881   & 0.8514500 & 0.8957300 & 0.9325900 & 0.9581200 & 0.9730200 & 0.9834700 & 0.9912000 & 0.997000  & 1.0000000\\\\\n",
       "\\end{tabular}\n"
      ],
      "text/markdown": [
       "\n",
       "| <!--/--> | PC1 | PC2 | PC3 | PC4 | PC5 | PC6 | PC7 | PC8 | PC9 | PC10 | PC11 | \n",
       "|---|---|---|\n",
       "| Standard deviation | 2.628627  | 1.32937   | 0.8300862 | 0.6979367 | 0.6367097 | 0.5299618 | 0.4049087 | 0.3389369 | 0.2916063 | 0.252616  | 0.1816593 | \n",
       "| Proportion of Variance | 0.628150  | 0.16066   | 0.0626400 | 0.0442800 | 0.0368500 | 0.0255300 | 0.0149000 | 0.0104400 | 0.0077300 | 0.005800  | 0.0030000 | \n",
       "| Cumulative Proportion | 0.628150  | 0.78881   | 0.8514500 | 0.8957300 | 0.9325900 | 0.9581200 | 0.9730200 | 0.9834700 | 0.9912000 | 0.997000  | 1.0000000 | \n",
       "\n",
       "\n"
      ],
      "text/plain": [
       "                       PC1      PC2     PC3       PC4       PC5       PC6      \n",
       "Standard deviation     2.628627 1.32937 0.8300862 0.6979367 0.6367097 0.5299618\n",
       "Proportion of Variance 0.628150 0.16066 0.0626400 0.0442800 0.0368500 0.0255300\n",
       "Cumulative Proportion  0.628150 0.78881 0.8514500 0.8957300 0.9325900 0.9581200\n",
       "                       PC7       PC8       PC9       PC10     PC11     \n",
       "Standard deviation     0.4049087 0.3389369 0.2916063 0.252616 0.1816593\n",
       "Proportion of Variance 0.0149000 0.0104400 0.0077300 0.005800 0.0030000\n",
       "Cumulative Proportion  0.9730200 0.9834700 0.9912000 0.997000 1.0000000"
      ]
     },
     "metadata": {},
     "output_type": "display_data"
    }
   ],
   "source": [
    "# Se obtiene la variación total acumulada\n",
    "#pca_endutih <- prcomp(matriz_corr, center=TRUE) #Si se quiere usar el valor normalizado, scale = TRUE\n",
    "#summary(pca_endutih)$importance\n",
    "\n",
    "pca_endutih <- prcomp(mis_datos, scale=T) # Se recomienda usar scale = TRUE, para datos normalizados\n",
    "summary(pca_endutih)$importance"
   ]
  },
  {
   "cell_type": "markdown",
   "metadata": {},
   "source": [
    "   <span style=\"color:blue\">De lo anterior se obtiene que sólo los dos primeros componentes principales son necesarios para alcanzar una proporción del 85%, y que del CP3 en adelante no tienen tanta significancia.</span>"
   ]
  },
  {
   "cell_type": "markdown",
   "metadata": {},
   "source": [
    "  b) El criterio de Kaiser"
   ]
  },
  {
   "cell_type": "code",
   "execution_count": 4,
   "metadata": {},
   "outputs": [
    {
     "data": {
      "text/html": [
       "<table>\n",
       "<thead><tr><th scope=col>6.90967900368248</th><th scope=col>1.76722509751115</th></tr></thead>\n",
       "<tbody>\n",
       "\t<tr><td>-0.3044418 </td><td>-0.23416880</td></tr>\n",
       "\t<tr><td>-0.3067184 </td><td> 0.20447658</td></tr>\n",
       "\t<tr><td>-0.2417977 </td><td>-0.38430128</td></tr>\n",
       "\t<tr><td>-0.3553789 </td><td> 0.02748262</td></tr>\n",
       "\t<tr><td>-0.1557823 </td><td> 0.62629971</td></tr>\n",
       "\t<tr><td>-0.3224170 </td><td>-0.04169287</td></tr>\n",
       "\t<tr><td>-0.3429478 </td><td> 0.02549473</td></tr>\n",
       "\t<tr><td>-0.3275010 </td><td> 0.20988910</td></tr>\n",
       "\t<tr><td>-0.3467032 </td><td>-0.02946264</td></tr>\n",
       "\t<tr><td>-0.3462346 </td><td> 0.12481897</td></tr>\n",
       "\t<tr><td>-0.1878998 </td><td>-0.54751317</td></tr>\n",
       "</tbody>\n",
       "</table>\n"
      ],
      "text/latex": [
       "\\begin{tabular}{r|ll}\n",
       " 6.90967900368248 & 1.76722509751115\\\\\n",
       "\\hline\n",
       "\t -0.3044418  & -0.23416880\\\\\n",
       "\t -0.3067184  &  0.20447658\\\\\n",
       "\t -0.2417977  & -0.38430128\\\\\n",
       "\t -0.3553789  &  0.02748262\\\\\n",
       "\t -0.1557823  &  0.62629971\\\\\n",
       "\t -0.3224170  & -0.04169287\\\\\n",
       "\t -0.3429478  &  0.02549473\\\\\n",
       "\t -0.3275010  &  0.20988910\\\\\n",
       "\t -0.3467032  & -0.02946264\\\\\n",
       "\t -0.3462346  &  0.12481897\\\\\n",
       "\t -0.1878998  & -0.54751317\\\\\n",
       "\\end{tabular}\n"
      ],
      "text/markdown": [
       "\n",
       "6.90967900368248 | 1.76722509751115 | \n",
       "|---|---|---|---|---|---|---|---|---|---|---|\n",
       "| -0.3044418  | -0.23416880 | \n",
       "| -0.3067184  |  0.20447658 | \n",
       "| -0.2417977  | -0.38430128 | \n",
       "| -0.3553789  |  0.02748262 | \n",
       "| -0.1557823  |  0.62629971 | \n",
       "| -0.3224170  | -0.04169287 | \n",
       "| -0.3429478  |  0.02549473 | \n",
       "| -0.3275010  |  0.20988910 | \n",
       "| -0.3467032  | -0.02946264 | \n",
       "| -0.3462346  |  0.12481897 | \n",
       "| -0.1878998  | -0.54751317 | \n",
       "\n",
       "\n"
      ],
      "text/plain": [
       "   6.90967900368248 1.76722509751115\n",
       "1  -0.3044418       -0.23416880     \n",
       "2  -0.3067184        0.20447658     \n",
       "3  -0.2417977       -0.38430128     \n",
       "4  -0.3553789        0.02748262     \n",
       "5  -0.1557823        0.62629971     \n",
       "6  -0.3224170       -0.04169287     \n",
       "7  -0.3429478        0.02549473     \n",
       "8  -0.3275010        0.20988910     \n",
       "9  -0.3467032       -0.02946264     \n",
       "10 -0.3462346        0.12481897     \n",
       "11 -0.1878998       -0.54751317     "
      ]
     },
     "metadata": {},
     "output_type": "display_data"
    }
   ],
   "source": [
    "# Asignamos los eigenvalores a un objeto\n",
    "eigens <- eigen(matriz_corr)\n",
    "# Convertimos los eigenvectores a un dataframe\n",
    "eigenvectores <- as.data.frame(eigens$vectors)\n",
    "# Le ponemos el nombre de los eigenvalores a la columna\n",
    "names(eigenvectores) <- eigens$values\n",
    "# Filtramos los eigenvalores mayores a 1\n",
    "eigenvectores[as.character(eigens$values[eigens$values > 1])]"
   ]
  },
  {
   "cell_type": "markdown",
   "metadata": {},
   "source": [
    "<span style=\"color:blue\">El criterio de Kaiser dice que se mantienen los eigenvectores con eigenvalor &gt; 1, lo cual refuerza la teoría de mantener los dos primeros CP</span>"
   ]
  },
  {
   "cell_type": "markdown",
   "metadata": {},
   "source": [
    "  c) El método gráfico"
   ]
  },
  {
   "cell_type": "code",
   "execution_count": 5,
   "metadata": {},
   "outputs": [
    {
     "data": {},
     "metadata": {},
     "output_type": "display_data"
    },
    {
     "data": {
